x: 2.3937822173508927 cm, y: 0.35 cm, z: 8.0 cm, a: 60.13998939556482 cm
x: 6.4 cm, y: 0.0 cm, z: 8.0 cm, a: 64.44867975991112 cm
x: 5.621269145782909 cm, y: 0.24310744873370296 cm, z: 8.0 cm, a: 63.10764134318931 cm
No Target Detected at x: 9.0 cm, y: 0 cm, z: 0.0 cm
No Target Detected at x: 11.0 cm, y: 0 cm, z: 0.0 cm
