x: 3.850876070567959 cm, y: 4.82555798975982 cm, z: 8.0 cm, a: 28.886222201101646 cm
x: 5.0 cm, y: 0.0 cm, z: 8.0 cm, a: 64.3036828921659 cm
x: 6.310634572891455 cm, y: 0.12155372436685148 cm, z: 8.0 cm, a: 59.91433949356251 cm
No Target Detected at x: 9.0 cm, y: 0 cm, z: 0.0 cm
x: 12.37873085421709 cm, y: -0.24310744873370255 cm, z: 8.0 cm, a: 12.866493522436679 cm
