x: 1.6501460196582671 cm, y: 1.608693330549854 cm, z: 8.0 cm, a: 21.947214513635732 cm
No Target Detected at x: 5.0 cm, y: 0 cm, z: 0.0 cm
x: 5.181346652052679 cm, y: 1.0499999999999998 cm, z: 8.0 cm, a: 13.665634519736736 cm
x: 7.181346652052679 cm, y: 1.0499999999999998 cm, z: 8.0 cm, a: 13.627798191643857 cm
