x: 4.378730854217091 cm, y: -0.24310744873370246 cm, z: 8.0 cm, a: 59.95955514532446 cm
x: 7.0 cm, y: 0.0 cm, z: 8.0 cm, a: 61.4599200415737 cm
x: 11.0 cm, y: 0.0 cm, z: 8.0 cm, a: 61.42905348080027 cm
x: 15.0 cm, y: 0.0 cm, z: 8.0 cm, a: 61.57714325896344 cm
